% time     seconds  usecs/call     calls    errors syscall
------ ----------- ----------- --------- --------- ------------------
 72,67    0,197470         335       588        19 futex
 11,51    0,031282          40       771           nanosleep
  9,22    0,025065          91       275           epoll_pwait
  1,97    0,005357          55        96           write
  1,45    0,003947          17       229        92 read
  0,38    0,001019          44        23           tgkill
  0,30    0,000803          33        24           sched_yield
  0,26    0,000709          30        23           rt_sigreturn
  0,26    0,000698          53        13        13 connect
  0,24    0,000664           8        75           setsockopt
  0,22    0,000599          19        31           close
  0,20    0,000557          25        22           pread64
  0,17    0,000458           9        46        18 epoll_ctl
  0,15    0,000397           5        72           fcntl
  0,13    0,000357          27        13           socket
  0,12    0,000322          14        22           sched_getaffinity
  0,12    0,000313          13        24           getdents64
  0,11    0,000301          12        24           newfstatat
  0,10    0,000270          11        23           getpid
  0,07    0,000201          50         4         2 accept4
  0,07    0,000184          15        12           madvise
  0,07    0,000179          13        13           getpeername
  0,06    0,000158         158         1           restart_syscall
  0,06    0,000154          10        15           getsockname
  0,04    0,000117           6        18           openat
  0,04    0,000110           8        13           getsockopt
  0,01    0,000026           4         6           fstat
------ ----------- ----------- --------- --------- ------------------
100,00    0,271717         109      2476       144 total
